[bits] = [{2,1,0,0,0,0,0,0,0,0,0,0,0,0,0,0,0,0,0,0,0,0,0,0,0,0,0,0,0,0,0,0}]
[k] = [0]
[bits] = [{2,3,0,0,0,0,0,0,0,0,0,0,0,0,0,0,0,0,0,0,0,0,0,0,0,0,0,0,0,0,0,0}]
[bits] = [{0,4,7,2,1,0,0,0,0,0,0,0,0,0,0,0,0,0,0,0,0,0,0,0,0,0,0,0,0,0,0,0}]
[k] = [0]
[bits] = [{0,4,7,2,1,0,0,0,0,0,0,0,0,0,0,0,0,0,0,0,0,0,0,0,0,0,0,0,0,0,0,0}]
[bits] = [{0,0,0,0,0,0,0,0,0,0,0,0,0,0,0,0,0,0,0,0,0,0,0,0,0,0,0,0,0,0,0,0}]
[k] = [29]
[k] = [28]
[k] = [27]
[k] = [26]
[k] = [25]
[k] = [24]
[k] = [23]
[k] = [22]
[k] = [21]
[k] = [20]
[k] = [19]
[k] = [18]
[k] = [17]
[k] = [16]
[k] = [15]
[k] = [14]
[k] = [13]
[k] = [12]
[k] = [11]
[k] = [10]
[k] = [9]
[k] = [8]
[k] = [7]
[k] = [6]
[k] = [5]
[k] = [4]
[k] = [3]
[k] = [2]
[k] = [1]
[k] = [0]
[bits] = [{0,1,1,1,1,1,1,1,1,1,1,1,1,1,1,1,1,1,1,1,1,1,1,1,1,1,1,1,1,1,1,0}]
[bits] = [{4,2,0,0,0,0,0,0,0,0,0,0,0,0,0,0,0,0,0,0,0,0,0,0,0,0,0,0,0,0,0,0}]
[k] = [0]
[k] = [0]
[bits] = [{4,2,0,0,0,0,0,0,0,0,0,0,0,0,0,0,0,0,0,0,0,0,0,0,0,0,0,0,0,0,4,0}]
Time : 0.001000
